"# SKU Power Limit Table (unit is 1 dBm, resolution level is ?0.5 dBm)",,,,,,,,,,,,,,,,,,,,,,,,,,,,,,,,,,,,,,,,,,,,,,,,,,,,,,,,,,,,,,,,,,,,,,,,,,,,,,,,,,,,,,,,,,,,,,,,,,,,,,,,,,,,,,,,,,,,,,,,,,,,,,,,,,,,,,,,,,,,,,,,,
# 2.4G Channel,CCK,,,,OFDM,,,,,,,,BW20 (HT/VHT),,,,,,,,,,,,BW40 (HT/VHT),,,,,,,,,,,,,BW80 (HT/VHT),,,,,,,,,,,,BW160 (HT/VHT),,,,,,,,,,,,RU26,,,,,,,,,,,,RU52,,,,,,,,,,,,RU106,,,,,,,,,,,,RU242,,,,,,,,,,,,RU484,,,,,,,,,,,,RU996,,,,,,,,,,,,RU996X2,,,,,,,,,,,
Band: 2.4G,CCK_1M,CCK_2M,CCK_5.5M,CCK_11M,OFDM_6M,OFDM_9M,OFDM_12M,OFDM_18M,OFDM_24M,OFDM36M,OFDM_48M,OFDM_54M,M0,M1,M2,M3,M4,M5,M6,M7,M8,M9,M10,M11,M0,M1,M2,M3,M4,M5,M6,M7,M8,M9,M10,M11,HT40_MCS32,M0,M1,M2,M3,M4,M5,M6,M7,M8,M9,M10,M11,M0,M1,M2,M3,M4,M5,M6,M7,M8,M9,M10,M11,M0,M1,M2,M3,M4,M5,M6,M7,M8,M9,M10,M11,M0,M1,M2,M3,M4,M5,M6,M7,M8,M9,M10,M11,M0,M1,M2,M3,M4,M5,M6,M7,M8,M9,M10,M11,M0,M1,M2,M3,M4,M5,M6,M7,M8,M9,M10,M11,M0,M1,M2,M3,M4,M5,M6,M7,M8,M9,M10,M11,M0,M1,M2,M3,M4,M5,M6,M7,M8,M9,M10,M11,M0,M1,M2,M3,M4,M5,M6,M7,M8,M9,M10,M11
Ch1,12,12,12,12,13.5,13.5,13.5,13.5,13.5,13.5,13.5,13.5,13.5,13.5,13.5,13.5,13.5,13.5,13.5,13.5,13.5,13.5,13.5,13.5,13.5,13.5,13.5,13.5,13.5,13.5,13.5,13.5,13.5,13.5,13.5,13.5,13.5,13.5,13.5,13.5,13.5,13.5,13.5,13.5,13.5,13.5,13.5,13.5,13.5,13.5,13.5,13.5,13.5,13.5,13.5,13.5,13.5,13.5,13.5,13.5,13.5,13.5,13.5,13.5,13.5,13.5,13.5,13.5,13.5,13.5,13.5,13.5,13.5,13.5,13.5,13.5,13.5,13.5,13.5,13.5,13.5,13.5,13.5,13.5,13.5,13.5,13.5,13.5,13.5,13.5,13.5,13.5,13.5,13.5,13.5,13.5,13.5,13.5,13.5,13.5,13.5,13.5,13.5,13.5,13.5,13.5,13.5,13.5,13.5,13.5,13.5,13.5,13.5,13.5,13.5,13.5,13.5,13.5,13.5,13.5,13.5,13.5,13.5,13.5,13.5,13.5,13.5,13.5,13.5,13.5,13.5,13.5,13.5,13.5,13.5,13.5,13.5,13.5,13.5,13.5,13.5,13.5,13.5,13.5,13.5
Ch2,12,12,12,12,13.5,13.5,13.5,13.5,13.5,13.5,13.5,13.5,13.5,13.5,13.5,13.5,13.5,13.5,13.5,13.5,13.5,13.5,13.5,13.5,13.5,13.5,13.5,13.5,13.5,13.5,13.5,13.5,13.5,13.5,13.5,13.5,13.5,13.5,13.5,13.5,13.5,13.5,13.5,13.5,13.5,13.5,13.5,13.5,13.5,13.5,13.5,13.5,13.5,13.5,13.5,13.5,13.5,13.5,13.5,13.5,13.5,13.5,13.5,13.5,13.5,13.5,13.5,13.5,13.5,13.5,13.5,13.5,13.5,13.5,13.5,13.5,13.5,13.5,13.5,13.5,13.5,13.5,13.5,13.5,13.5,13.5,13.5,13.5,13.5,13.5,13.5,13.5,13.5,13.5,13.5,13.5,13.5,13.5,13.5,13.5,13.5,13.5,13.5,13.5,13.5,13.5,13.5,13.5,13.5,13.5,13.5,13.5,13.5,13.5,13.5,13.5,13.5,13.5,13.5,13.5,13.5,13.5,13.5,13.5,13.5,13.5,13.5,13.5,13.5,13.5,13.5,13.5,13.5,13.5,13.5,13.5,13.5,13.5,13.5,13.5,13.5,13.5,13.5,13.5,13.5
Ch3,12,12,12,12,13.5,13.5,13.5,13.5,13.5,13.5,13.5,13.5,13.5,13.5,13.5,13.5,13.5,13.5,13.5,13.5,13.5,13.5,13.5,13.5,13.5,13.5,13.5,13.5,13.5,13.5,13.5,13.5,13.5,13.5,13.5,13.5,13.5,13.5,13.5,13.5,13.5,13.5,13.5,13.5,13.5,13.5,13.5,13.5,13.5,13.5,13.5,13.5,13.5,13.5,13.5,13.5,13.5,13.5,13.5,13.5,13.5,13.5,13.5,13.5,13.5,13.5,13.5,13.5,13.5,13.5,13.5,13.5,13.5,13.5,13.5,13.5,13.5,13.5,13.5,13.5,13.5,13.5,13.5,13.5,13.5,13.5,13.5,13.5,13.5,13.5,13.5,13.5,13.5,13.5,13.5,13.5,13.5,13.5,13.5,13.5,13.5,13.5,13.5,13.5,13.5,13.5,13.5,13.5,13.5,13.5,13.5,13.5,13.5,13.5,13.5,13.5,13.5,13.5,13.5,13.5,13.5,13.5,13.5,13.5,13.5,13.5,13.5,13.5,13.5,13.5,13.5,13.5,13.5,13.5,13.5,13.5,13.5,13.5,13.5,13.5,13.5,13.5,13.5,13.5,13.5
Ch4,12,12,12,12,13.5,13.5,13.5,13.5,13.5,13.5,13.5,13.5,13.5,13.5,13.5,13.5,13.5,13.5,13.5,13.5,13.5,13.5,13.5,13.5,13.5,13.5,13.5,13.5,13.5,13.5,13.5,13.5,13.5,13.5,13.5,13.5,13.5,13.5,13.5,13.5,13.5,13.5,13.5,13.5,13.5,13.5,13.5,13.5,13.5,13.5,13.5,13.5,13.5,13.5,13.5,13.5,13.5,13.5,13.5,13.5,13.5,13.5,13.5,13.5,13.5,13.5,13.5,13.5,13.5,13.5,13.5,13.5,13.5,13.5,13.5,13.5,13.5,13.5,13.5,13.5,13.5,13.5,13.5,13.5,13.5,13.5,13.5,13.5,13.5,13.5,13.5,13.5,13.5,13.5,13.5,13.5,13.5,13.5,13.5,13.5,13.5,13.5,13.5,13.5,13.5,13.5,13.5,13.5,13.5,13.5,13.5,13.5,13.5,13.5,13.5,13.5,13.5,13.5,13.5,13.5,13.5,13.5,13.5,13.5,13.5,13.5,13.5,13.5,13.5,13.5,13.5,13.5,13.5,13.5,13.5,13.5,13.5,13.5,13.5,13.5,13.5,13.5,13.5,13.5,13.5
Ch5,12,12,12,12,13.5,13.5,13.5,13.5,13.5,13.5,13.5,13.5,13.5,13.5,13.5,13.5,13.5,13.5,13.5,13.5,13.5,13.5,13.5,13.5,13.5,13.5,13.5,13.5,13.5,13.5,13.5,13.5,13.5,13.5,13.5,13.5,13.5,13.5,13.5,13.5,13.5,13.5,13.5,13.5,13.5,13.5,13.5,13.5,13.5,13.5,13.5,13.5,13.5,13.5,13.5,13.5,13.5,13.5,13.5,13.5,13.5,13.5,13.5,13.5,13.5,13.5,13.5,13.5,13.5,13.5,13.5,13.5,13.5,13.5,13.5,13.5,13.5,13.5,13.5,13.5,13.5,13.5,13.5,13.5,13.5,13.5,13.5,13.5,13.5,13.5,13.5,13.5,13.5,13.5,13.5,13.5,13.5,13.5,13.5,13.5,13.5,13.5,13.5,13.5,13.5,13.5,13.5,13.5,13.5,13.5,13.5,13.5,13.5,13.5,13.5,13.5,13.5,13.5,13.5,13.5,13.5,13.5,13.5,13.5,13.5,13.5,13.5,13.5,13.5,13.5,13.5,13.5,13.5,13.5,13.5,13.5,13.5,13.5,13.5,13.5,13.5,13.5,13.5,13.5,13.5
Ch6,12,12,12,12,13.5,13.5,13.5,13.5,13.5,13.5,13.5,13.5,13.5,13.5,13.5,13.5,13.5,13.5,13.5,13.5,13.5,13.5,13.5,13.5,13.5,13.5,13.5,13.5,13.5,13.5,13.5,13.5,13.5,13.5,13.5,13.5,13.5,13.5,13.5,13.5,13.5,13.5,13.5,13.5,13.5,13.5,13.5,13.5,13.5,13.5,13.5,13.5,13.5,13.5,13.5,13.5,13.5,13.5,13.5,13.5,13.5,13.5,13.5,13.5,13.5,13.5,13.5,13.5,13.5,13.5,13.5,13.5,13.5,13.5,13.5,13.5,13.5,13.5,13.5,13.5,13.5,13.5,13.5,13.5,13.5,13.5,13.5,13.5,13.5,13.5,13.5,13.5,13.5,13.5,13.5,13.5,13.5,13.5,13.5,13.5,13.5,13.5,13.5,13.5,13.5,13.5,13.5,13.5,13.5,13.5,13.5,13.5,13.5,13.5,13.5,13.5,13.5,13.5,13.5,13.5,13.5,13.5,13.5,13.5,13.5,13.5,13.5,13.5,13.5,13.5,13.5,13.5,13.5,13.5,13.5,13.5,13.5,13.5,13.5,13.5,13.5,13.5,13.5,13.5,13.5
Ch7,12,12,12,12,13.5,13.5,13.5,13.5,13.5,13.5,13.5,13.5,13.5,13.5,13.5,13.5,13.5,13.5,13.5,13.5,13.5,13.5,13.5,13.5,13.5,13.5,13.5,13.5,13.5,13.5,13.5,13.5,13.5,13.5,13.5,13.5,13.5,13.5,13.5,13.5,13.5,13.5,13.5,13.5,13.5,13.5,13.5,13.5,13.5,13.5,13.5,13.5,13.5,13.5,13.5,13.5,13.5,13.5,13.5,13.5,13.5,13.5,13.5,13.5,13.5,13.5,13.5,13.5,13.5,13.5,13.5,13.5,13.5,13.5,13.5,13.5,13.5,13.5,13.5,13.5,13.5,13.5,13.5,13.5,13.5,13.5,13.5,13.5,13.5,13.5,13.5,13.5,13.5,13.5,13.5,13.5,13.5,13.5,13.5,13.5,13.5,13.5,13.5,13.5,13.5,13.5,13.5,13.5,13.5,13.5,13.5,13.5,13.5,13.5,13.5,13.5,13.5,13.5,13.5,13.5,13.5,13.5,13.5,13.5,13.5,13.5,13.5,13.5,13.5,13.5,13.5,13.5,13.5,13.5,13.5,13.5,13.5,13.5,13.5,13.5,13.5,13.5,13.5,13.5,13.5
Ch8,12,12,12,12,13.5,13.5,13.5,13.5,13.5,13.5,13.5,13.5,13.5,13.5,13.5,13.5,13.5,13.5,13.5,13.5,13.5,13.5,13.5,13.5,13.5,13.5,13.5,13.5,13.5,13.5,13.5,13.5,13.5,13.5,13.5,13.5,13.5,13.5,13.5,13.5,13.5,13.5,13.5,13.5,13.5,13.5,13.5,13.5,13.5,13.5,13.5,13.5,13.5,13.5,13.5,13.5,13.5,13.5,13.5,13.5,13.5,13.5,13.5,13.5,13.5,13.5,13.5,13.5,13.5,13.5,13.5,13.5,13.5,13.5,13.5,13.5,13.5,13.5,13.5,13.5,13.5,13.5,13.5,13.5,13.5,13.5,13.5,13.5,13.5,13.5,13.5,13.5,13.5,13.5,13.5,13.5,13.5,13.5,13.5,13.5,13.5,13.5,13.5,13.5,13.5,13.5,13.5,13.5,13.5,13.5,13.5,13.5,13.5,13.5,13.5,13.5,13.5,13.5,13.5,13.5,13.5,13.5,13.5,13.5,13.5,13.5,13.5,13.5,13.5,13.5,13.5,13.5,13.5,13.5,13.5,13.5,13.5,13.5,13.5,13.5,13.5,13.5,13.5,13.5,13.5
Ch9,12,12,12,12,13.5,13.5,13.5,13.5,13.5,13.5,13.5,13.5,13.5,13.5,13.5,13.5,13.5,13.5,13.5,13.5,13.5,13.5,13.5,13.5,13.5,13.5,13.5,13.5,13.5,13.5,13.5,13.5,13.5,13.5,13.5,13.5,13.5,13.5,13.5,13.5,13.5,13.5,13.5,13.5,13.5,13.5,13.5,13.5,13.5,13.5,13.5,13.5,13.5,13.5,13.5,13.5,13.5,13.5,13.5,13.5,13.5,13.5,13.5,13.5,13.5,13.5,13.5,13.5,13.5,13.5,13.5,13.5,13.5,13.5,13.5,13.5,13.5,13.5,13.5,13.5,13.5,13.5,13.5,13.5,13.5,13.5,13.5,13.5,13.5,13.5,13.5,13.5,13.5,13.5,13.5,13.5,13.5,13.5,13.5,13.5,13.5,13.5,13.5,13.5,13.5,13.5,13.5,13.5,13.5,13.5,13.5,13.5,13.5,13.5,13.5,13.5,13.5,13.5,13.5,13.5,13.5,13.5,13.5,13.5,13.5,13.5,13.5,13.5,13.5,13.5,13.5,13.5,13.5,13.5,13.5,13.5,13.5,13.5,13.5,13.5,13.5,13.5,13.5,13.5,13.5
Ch10,12,12,12,12,13.5,13.5,13.5,13.5,13.5,13.5,13.5,13.5,13.5,13.5,13.5,13.5,13.5,13.5,13.5,13.5,13.5,13.5,13.5,13.5,13.5,13.5,13.5,13.5,13.5,13.5,13.5,13.5,13.5,13.5,13.5,13.5,13.5,13.5,13.5,13.5,13.5,13.5,13.5,13.5,13.5,13.5,13.5,13.5,13.5,13.5,13.5,13.5,13.5,13.5,13.5,13.5,13.5,13.5,13.5,13.5,13.5,13.5,13.5,13.5,13.5,13.5,13.5,13.5,13.5,13.5,13.5,13.5,13.5,13.5,13.5,13.5,13.5,13.5,13.5,13.5,13.5,13.5,13.5,13.5,13.5,13.5,13.5,13.5,13.5,13.5,13.5,13.5,13.5,13.5,13.5,13.5,13.5,13.5,13.5,13.5,13.5,13.5,13.5,13.5,13.5,13.5,13.5,13.5,13.5,13.5,13.5,13.5,13.5,13.5,13.5,13.5,13.5,13.5,13.5,13.5,13.5,13.5,13.5,13.5,13.5,13.5,13.5,13.5,13.5,13.5,13.5,13.5,13.5,13.5,13.5,13.5,13.5,13.5,13.5,13.5,13.5,13.5,13.5,13.5,13.5
Ch11,12,12,12,12,13.5,13.5,13.5,13.5,13.5,13.5,13.5,13.5,13.5,13.5,13.5,13.5,13.5,13.5,13.5,13.5,13.5,13.5,13.5,13.5,13.5,13.5,13.5,13.5,13.5,13.5,13.5,13.5,13.5,13.5,13.5,13.5,13.5,13.5,13.5,13.5,13.5,13.5,13.5,13.5,13.5,13.5,13.5,13.5,13.5,13.5,13.5,13.5,13.5,13.5,13.5,13.5,13.5,13.5,13.5,13.5,13.5,13.5,13.5,13.5,13.5,13.5,13.5,13.5,13.5,13.5,13.5,13.5,13.5,13.5,13.5,13.5,13.5,13.5,13.5,13.5,13.5,13.5,13.5,13.5,13.5,13.5,13.5,13.5,13.5,13.5,13.5,13.5,13.5,13.5,13.5,13.5,13.5,13.5,13.5,13.5,13.5,13.5,13.5,13.5,13.5,13.5,13.5,13.5,13.5,13.5,13.5,13.5,13.5,13.5,13.5,13.5,13.5,13.5,13.5,13.5,13.5,13.5,13.5,13.5,13.5,13.5,13.5,13.5,13.5,13.5,13.5,13.5,13.5,13.5,13.5,13.5,13.5,13.5,13.5,13.5,13.5,13.5,13.5,13.5,13.5
Ch12,12,12,12,12,13.5,13.5,13.5,13.5,13.5,13.5,13.5,13.5,13.5,13.5,13.5,13.5,13.5,13.5,13.5,13.5,13.5,13.5,13.5,13.5,13.5,13.5,13.5,13.5,13.5,13.5,13.5,13.5,13.5,13.5,13.5,13.5,13.5,13.5,13.5,13.5,13.5,13.5,13.5,13.5,13.5,13.5,13.5,13.5,13.5,13.5,13.5,13.5,13.5,13.5,13.5,13.5,13.5,13.5,13.5,13.5,13.5,13.5,13.5,13.5,13.5,13.5,13.5,13.5,13.5,13.5,13.5,13.5,13.5,13.5,13.5,13.5,13.5,13.5,13.5,13.5,13.5,13.5,13.5,13.5,13.5,13.5,13.5,13.5,13.5,13.5,13.5,13.5,13.5,13.5,13.5,13.5,13.5,13.5,13.5,13.5,13.5,13.5,13.5,13.5,13.5,13.5,13.5,13.5,13.5,13.5,13.5,13.5,13.5,13.5,13.5,13.5,13.5,13.5,13.5,13.5,13.5,13.5,13.5,13.5,13.5,13.5,13.5,13.5,13.5,13.5,13.5,13.5,13.5,13.5,13.5,13.5,13.5,13.5,13.5,13.5,13.5,13.5,13.5,13.5,13.5
Ch13,12,12,12,12,13.5,13.5,13.5,13.5,13.5,13.5,13.5,13.5,13.5,13.5,13.5,13.5,13.5,13.5,13.5,13.5,13.5,13.5,13.5,13.5,13.5,13.5,13.5,13.5,13.5,13.5,13.5,13.5,13.5,13.5,13.5,13.5,13.5,13.5,13.5,13.5,13.5,13.5,13.5,13.5,13.5,13.5,13.5,13.5,13.5,13.5,13.5,13.5,13.5,13.5,13.5,13.5,13.5,13.5,13.5,13.5,13.5,13.5,13.5,13.5,13.5,13.5,13.5,13.5,13.5,13.5,13.5,13.5,13.5,13.5,13.5,13.5,13.5,13.5,13.5,13.5,13.5,13.5,13.5,13.5,13.5,13.5,13.5,13.5,13.5,13.5,13.5,13.5,13.5,13.5,13.5,13.5,13.5,13.5,13.5,13.5,13.5,13.5,13.5,13.5,13.5,13.5,13.5,13.5,13.5,13.5,13.5,13.5,13.5,13.5,13.5,13.5,13.5,13.5,13.5,13.5,13.5,13.5,13.5,13.5,13.5,13.5,13.5,13.5,13.5,13.5,13.5,13.5,13.5,13.5,13.5,13.5,13.5,13.5,13.5,13.5,13.5,13.5,13.5,13.5,13.5
Ch14,12,12,12,12,13.5,13.5,13.5,13.5,13.5,13.5,13.5,13.5,13.5,13.5,13.5,13.5,13.5,13.5,13.5,13.5,13.5,13.5,13.5,13.5,13.5,13.5,13.5,13.5,13.5,13.5,13.5,13.5,13.5,13.5,13.5,13.5,13.5,13.5,13.5,13.5,13.5,13.5,13.5,13.5,13.5,13.5,13.5,13.5,13.5,13.5,13.5,13.5,13.5,13.5,13.5,13.5,13.5,13.5,13.5,13.5,13.5,13.5,13.5,13.5,13.5,13.5,13.5,13.5,13.5,13.5,13.5,13.5,13.5,13.5,13.5,13.5,13.5,13.5,13.5,13.5,13.5,13.5,13.5,13.5,13.5,13.5,13.5,13.5,13.5,13.5,13.5,13.5,13.5,13.5,13.5,13.5,13.5,13.5,13.5,13.5,13.5,13.5,13.5,13.5,13.5,13.5,13.5,13.5,13.5,13.5,13.5,13.5,13.5,13.5,13.5,13.5,13.5,13.5,13.5,13.5,13.5,13.5,13.5,13.5,13.5,13.5,13.5,13.5,13.5,13.5,13.5,13.5,13.5,13.5,13.5,13.5,13.5,13.5,13.5,13.5,13.5,13.5,13.5,13.5,13.5
,,,,,,,,,,,,,,,,,,,,,,,,,,,,,,,,,,,,,,,,,,,,,,,,,,,,,,,,,,,,,,,,,,,,,,,,,,,,,,,,,,,,,,,,,,,,,,,,,,,,,,,,,,,,,,,,,,,,,,,,,,,,,,,,,,,,,,,,,,,,,,,,,
# 5G Channel,CCK,,,,OFDM,,,,,,,,BW20 (HT/VHT),,,,,,,,,,,,BW40 (HT/VHT),,,,,,,,,,,,,BW80 (HT/VHT),,,,,,,,,,,,BW160 (HT/VHT),,,,,,,,,,,,RU26,,,,,,,,,,,,RU52,,,,,,,,,,,,RU106,,,,,,,,,,,,RU242,,,,,,,,,,,,RU484,,,,,,,,,,,,RU996,,,,,,,,,,,,RU996X2,,,,,,,,,,,
Band: 5G,CCK_1M,CCK_2M,CCK_5.5M,CCK_11M,OFDM_6M,OFDM_9M,OFDM_12M,OFDM_18M,OFDM_24M,OFDM36M,OFDM_48M,OFDM_54M,M0,M1,M2,M3,M4,M5,M6,M7,M8,M9,M10,M11,M0,M1,M2,M3,M4,M5,M6,M7,M8,M9,M10,M11,HT40_MCS32,M0,M1,M2,M3,M4,M5,M6,M7,M8,M9,M10,M11,M0,M1,M2,M3,M4,M5,M6,M7,M8,M9,M10,M11,M0,M1,M2,M3,M4,M5,M6,M7,M8,M9,M10,M11,M0,M1,M2,M3,M4,M5,M6,M7,M8,M9,M10,M11,M0,M1,M2,M3,M4,M5,M6,M7,M8,M9,M10,M11,M0,M1,M2,M3,M4,M5,M6,M7,M8,M9,M10,M11,M0,M1,M2,M3,M4,M5,M6,M7,M8,M9,M10,M11,M0,M1,M2,M3,M4,M5,M6,M7,M8,M9,M10,M11,M0,M1,M2,M3,M4,M5,M6,M7,M8,M9,M10,M11
Ch184,60,60,60,60,60,60,60,60,60,60,60,60,60,60,60,60,60,60,60,60,60,60,60,60,60,60,60,60,60,60,60,60,60,60,60,60,60,60,60,60,60,60,60,60,60,60,60,60,60,60,60,60,60,60,60,60,60,60,60,60,60,60,60,60,60,60,60,60,60,60,60,60,60,60,60,60,60,60,60,60,60,60,60,60,60,60,60,60,60,60,60,60,60,60,60,60,60,60,60,60,60,60,60,60,60,60,60,60,60,60,60,60,60,60,60,60,60,60,60,60,60,60,60,60,60,60,60,60,60,60,60,60,60,60,60,60,60,60,60,60,60,60,60,60,60
Ch188,60,60,60,60,60,60,60,60,60,60,60,60,60,60,60,60,60,60,60,60,60,60,60,60,60,60,60,60,60,60,60,60,60,60,60,60,60,60,60,60,60,60,60,60,60,60,60,60,60,60,60,60,60,60,60,60,60,60,60,60,60,60,60,60,60,60,60,60,60,60,60,60,60,60,60,60,60,60,60,60,60,60,60,60,60,60,60,60,60,60,60,60,60,60,60,60,60,60,60,60,60,60,60,60,60,60,60,60,60,60,60,60,60,60,60,60,60,60,60,60,60,60,60,60,60,60,60,60,60,60,60,60,60,60,60,60,60,60,60,60,60,60,60,60,60
Ch192,60,60,60,60,60,60,60,60,60,60,60,60,60,60,60,60,60,60,60,60,60,60,60,60,60,60,60,60,60,60,60,60,60,60,60,60,60,60,60,60,60,60,60,60,60,60,60,60,60,60,60,60,60,60,60,60,60,60,60,60,60,60,60,60,60,60,60,60,60,60,60,60,60,60,60,60,60,60,60,60,60,60,60,60,60,60,60,60,60,60,60,60,60,60,60,60,60,60,60,60,60,60,60,60,60,60,60,60,60,60,60,60,60,60,60,60,60,60,60,60,60,60,60,60,60,60,60,60,60,60,60,60,60,60,60,60,60,60,60,60,60,60,60,60,60
Ch196,60,60,60,60,60,60,60,60,60,60,60,60,60,60,60,60,60,60,60,60,60,60,60,60,60,60,60,60,60,60,60,60,60,60,60,60,60,60,60,60,60,60,60,60,60,60,60,60,60,60,60,60,60,60,60,60,60,60,60,60,60,60,60,60,60,60,60,60,60,60,60,60,60,60,60,60,60,60,60,60,60,60,60,60,60,60,60,60,60,60,60,60,60,60,60,60,60,60,60,60,60,60,60,60,60,60,60,60,60,60,60,60,60,60,60,60,60,60,60,60,60,60,60,60,60,60,60,60,60,60,60,60,60,60,60,60,60,60,60,60,60,60,60,60,60
Ch8,60,60,60,60,60,60,60,60,60,60,60,60,60,60,60,60,60,60,60,60,60,60,60,60,60,60,60,60,60,60,60,60,60,60,60,60,60,60,60,60,60,60,60,60,60,60,60,60,60,60,60,60,60,60,60,60,60,60,60,60,60,60,60,60,60,60,60,60,60,60,60,60,60,60,60,60,60,60,60,60,60,60,60,60,60,60,60,60,60,60,60,60,60,60,60,60,60,60,60,60,60,60,60,60,60,60,60,60,60,60,60,60,60,60,60,60,60,60,60,60,60,60,60,60,60,60,60,60,60,60,60,60,60,60,60,60,60,60,60,60,60,60,60,60,60
Ch12,60,60,60,60,60,60,60,60,60,60,60,60,60,60,60,60,60,60,60,60,60,60,60,60,60,60,60,60,60,60,60,60,60,60,60,60,60,60,60,60,60,60,60,60,60,60,60,60,60,60,60,60,60,60,60,60,60,60,60,60,60,60,60,60,60,60,60,60,60,60,60,60,60,60,60,60,60,60,60,60,60,60,60,60,60,60,60,60,60,60,60,60,60,60,60,60,60,60,60,60,60,60,60,60,60,60,60,60,60,60,60,60,60,60,60,60,60,60,60,60,60,60,60,60,60,60,60,60,60,60,60,60,60,60,60,60,60,60,60,60,60,60,60,60,60
Ch16,60,60,60,60,60,60,60,60,60,60,60,60,60,60,60,60,60,60,60,60,60,60,60,60,60,60,60,60,60,60,60,60,60,60,60,60,60,60,60,60,60,60,60,60,60,60,60,60,60,60,60,60,60,60,60,60,60,60,60,60,60,60,60,60,60,60,60,60,60,60,60,60,60,60,60,60,60,60,60,60,60,60,60,60,60,60,60,60,60,60,60,60,60,60,60,60,60,60,60,60,60,60,60,60,60,60,60,60,60,60,60,60,60,60,60,60,60,60,60,60,60,60,60,60,60,60,60,60,60,60,60,60,60,60,60,60,60,60,60,60,60,60,60,60,60
Ch36,60,60,60,60,16.5,16.5,16.5,16.5,16.5,16.5,16.5,16.5,15,15,15,15,15,15,15,15,15,15,15,15,16.5,16.5,16.5,16.5,16.5,16.5,16.5,16.5,16.5,16.5,16.5,16.5,16.5,16.5,16.5,16.5,16.5,16.5,16.5,16.5,16.5,16.5,16.5,16.5,16.5,16.5,16.5,16.5,16.5,16.5,16.5,16.5,16.5,16.5,16.5,16.5,16.5,15,15,15,15,15,15,15,15,15,15,15,15,16.5,16.5,16.5,16.5,16.5,16.5,16.5,16.5,16.5,16.5,16.5,16.5,16.5,16.5,16.5,16.5,16.5,16.5,16.5,16.5,16.5,16.5,16.5,16.5,15,15,15,15,15,15,15,15,15,15,15,15,16.5,16.5,16.5,16.5,16.5,16.5,16.5,16.5,16.5,16.5,16.5,16.5,16.5,16.5,16.5,16.5,16.5,16.5,16.5,16.5,16.5,16.5,16.5,16.5,16.5,16.5,16.5,16.5,16.5,16.5,16.5,16.5,16.5,16.5,16.5,16.5
Ch40,60,60,60,60,16.5,16.5,16.5,16.5,16.5,16.5,16.5,16.5,15,15,15,15,15,15,15,15,15,15,15,15,16.5,16.5,16.5,16.5,16.5,16.5,16.5,16.5,16.5,16.5,16.5,16.5,16.5,16.5,16.5,16.5,16.5,16.5,16.5,16.5,16.5,16.5,16.5,16.5,16.5,16.5,16.5,16.5,16.5,16.5,16.5,16.5,16.5,16.5,16.5,16.5,16.5,15,15,15,15,15,15,15,15,15,15,15,15,16.5,16.5,16.5,16.5,16.5,16.5,16.5,16.5,16.5,16.5,16.5,16.5,16.5,16.5,16.5,16.5,16.5,16.5,16.5,16.5,16.5,16.5,16.5,16.5,15,15,15,15,15,15,15,15,15,15,15,15,16.5,16.5,16.5,16.5,16.5,16.5,16.5,16.5,16.5,16.5,16.5,16.5,16.5,16.5,16.5,16.5,16.5,16.5,16.5,16.5,16.5,16.5,16.5,16.5,16.5,16.5,16.5,16.5,16.5,16.5,16.5,16.5,16.5,16.5,16.5,16.5
Ch44,60,60,60,60,16.5,16.5,16.5,16.5,16.5,16.5,16.5,16.5,15,15,15,15,15,15,15,15,15,15,15,15,16.5,16.5,16.5,16.5,16.5,16.5,16.5,16.5,16.5,16.5,16.5,16.5,16.5,16.5,16.5,16.5,16.5,16.5,16.5,16.5,16.5,16.5,16.5,16.5,16.5,16.5,16.5,16.5,16.5,16.5,16.5,16.5,16.5,16.5,16.5,16.5,16.5,15,15,15,15,15,15,15,15,15,15,15,15,16.5,16.5,16.5,16.5,16.5,16.5,16.5,16.5,16.5,16.5,16.5,16.5,16.5,16.5,16.5,16.5,16.5,16.5,16.5,16.5,16.5,16.5,16.5,16.5,15,15,15,15,15,15,15,15,15,15,15,15,16.5,16.5,16.5,16.5,16.5,16.5,16.5,16.5,16.5,16.5,16.5,16.5,16.5,16.5,16.5,16.5,16.5,16.5,16.5,16.5,16.5,16.5,16.5,16.5,16.5,16.5,16.5,16.5,16.5,16.5,16.5,16.5,16.5,16.5,16.5,16.5
Ch48,60,60,60,60,16.5,16.5,16.5,16.5,16.5,16.5,16.5,16.5,15,15,15,15,15,15,15,15,15,15,15,15,16.5,16.5,16.5,16.5,16.5,16.5,16.5,16.5,16.5,16.5,16.5,16.5,16.5,16.5,16.5,16.5,16.5,16.5,16.5,16.5,16.5,16.5,16.5,16.5,16.5,16.5,16.5,16.5,16.5,16.5,16.5,16.5,16.5,16.5,16.5,16.5,16.5,15,15,15,15,15,15,15,15,15,15,15,15,16.5,16.5,16.5,16.5,16.5,16.5,16.5,16.5,16.5,16.5,16.5,16.5,16.5,16.5,16.5,16.5,16.5,16.5,16.5,16.5,16.5,16.5,16.5,16.5,15,15,15,15,15,15,15,15,15,15,15,15,16.5,16.5,16.5,16.5,16.5,16.5,16.5,16.5,16.5,16.5,16.5,16.5,16.5,16.5,16.5,16.5,16.5,16.5,16.5,16.5,16.5,16.5,16.5,16.5,16.5,16.5,16.5,16.5,16.5,16.5,16.5,16.5,16.5,16.5,16.5,16.5
Ch52,60,60,60,60,16.5,16.5,16.5,16.5,16.5,16.5,16.5,16.5,15,15,15,15,15,15,15,15,15,15,15,15,16.5,16.5,16.5,16.5,16.5,16.5,16.5,16.5,16.5,16.5,16.5,16.5,16.5,16.5,16.5,16.5,16.5,16.5,16.5,16.5,16.5,16.5,16.5,16.5,16.5,16.5,16.5,16.5,16.5,16.5,16.5,16.5,16.5,16.5,16.5,16.5,16.5,15,15,15,15,15,15,15,15,15,15,15,15,16.5,16.5,16.5,16.5,16.5,16.5,16.5,16.5,16.5,16.5,16.5,16.5,16.5,16.5,16.5,16.5,16.5,16.5,16.5,16.5,16.5,16.5,16.5,16.5,15,15,15,15,15,15,15,15,15,15,15,15,16.5,16.5,16.5,16.5,16.5,16.5,16.5,16.5,16.5,16.5,16.5,16.5,16.5,16.5,16.5,16.5,16.5,16.5,16.5,16.5,16.5,16.5,16.5,16.5,16.5,16.5,16.5,16.5,16.5,16.5,16.5,16.5,16.5,16.5,16.5,16.5
Ch56,60,60,60,60,16.5,16.5,16.5,16.5,16.5,16.5,16.5,16.5,15,15,15,15,15,15,15,15,15,15,15,15,16.5,16.5,16.5,16.5,16.5,16.5,16.5,16.5,16.5,16.5,16.5,16.5,16.5,16.5,16.5,16.5,16.5,16.5,16.5,16.5,16.5,16.5,16.5,16.5,16.5,16.5,16.5,16.5,16.5,16.5,16.5,16.5,16.5,16.5,16.5,16.5,16.5,15,15,15,15,15,15,15,15,15,15,15,15,16.5,16.5,16.5,16.5,16.5,16.5,16.5,16.5,16.5,16.5,16.5,16.5,16.5,16.5,16.5,16.5,16.5,16.5,16.5,16.5,16.5,16.5,16.5,16.5,15,15,15,15,15,15,15,15,15,15,15,15,16.5,16.5,16.5,16.5,16.5,16.5,16.5,16.5,16.5,16.5,16.5,16.5,16.5,16.5,16.5,16.5,16.5,16.5,16.5,16.5,16.5,16.5,16.5,16.5,16.5,16.5,16.5,16.5,16.5,16.5,16.5,16.5,16.5,16.5,16.5,16.5
Ch60,60,60,60,60,16.5,16.5,16.5,16.5,16.5,16.5,16.5,16.5,15,15,15,15,15,15,15,15,15,15,15,15,16.5,16.5,16.5,16.5,16.5,16.5,16.5,16.5,16.5,16.5,16.5,16.5,16.5,16.5,16.5,16.5,16.5,16.5,16.5,16.5,16.5,16.5,16.5,16.5,16.5,16.5,16.5,16.5,16.5,16.5,16.5,16.5,16.5,16.5,16.5,16.5,16.5,15,15,15,15,15,15,15,15,15,15,15,15,16.5,16.5,16.5,16.5,16.5,16.5,16.5,16.5,16.5,16.5,16.5,16.5,16.5,16.5,16.5,16.5,16.5,16.5,16.5,16.5,16.5,16.5,16.5,16.5,15,15,15,15,15,15,15,15,15,15,15,15,16.5,16.5,16.5,16.5,16.5,16.5,16.5,16.5,16.5,16.5,16.5,16.5,16.5,16.5,16.5,16.5,16.5,16.5,16.5,16.5,16.5,16.5,16.5,16.5,16.5,16.5,16.5,16.5,16.5,16.5,16.5,16.5,16.5,16.5,16.5,16.5
Ch64,60,60,60,60,16.5,16.5,16.5,16.5,16.5,16.5,16.5,16.5,15,15,15,15,15,15,15,15,15,15,15,15,16.5,16.5,16.5,16.5,16.5,16.5,16.5,16.5,16.5,16.5,16.5,16.5,16.5,16.5,16.5,16.5,16.5,16.5,16.5,16.5,16.5,16.5,16.5,16.5,16.5,16.5,16.5,16.5,16.5,16.5,16.5,16.5,16.5,16.5,16.5,16.5,16.5,15,15,15,15,15,15,15,15,15,15,15,15,16.5,16.5,16.5,16.5,16.5,16.5,16.5,16.5,16.5,16.5,16.5,16.5,16.5,16.5,16.5,16.5,16.5,16.5,16.5,16.5,16.5,16.5,16.5,16.5,15,15,15,15,15,15,15,15,15,15,15,15,16.5,16.5,16.5,16.5,16.5,16.5,16.5,16.5,16.5,16.5,16.5,16.5,16.5,16.5,16.5,16.5,16.5,16.5,16.5,16.5,16.5,16.5,16.5,16.5,16.5,16.5,16.5,16.5,16.5,16.5,16.5,16.5,16.5,16.5,16.5,16.5
Ch68,60,60,60,60,16.5,16.5,16.5,16.5,16.5,16.5,16.5,16.5,15,15,15,15,15,15,15,15,15,15,15,15,16.5,16.5,16.5,16.5,16.5,16.5,16.5,16.5,16.5,16.5,16.5,16.5,16.5,16.5,16.5,16.5,16.5,16.5,16.5,16.5,16.5,16.5,16.5,16.5,16.5,16.5,16.5,16.5,16.5,16.5,16.5,16.5,16.5,16.5,16.5,16.5,16.5,15,15,15,15,15,15,15,15,15,15,15,15,16.5,16.5,16.5,16.5,16.5,16.5,16.5,16.5,16.5,16.5,16.5,16.5,16.5,16.5,16.5,16.5,16.5,16.5,16.5,16.5,16.5,16.5,16.5,16.5,15,15,15,15,15,15,15,15,15,15,15,15,16.5,16.5,16.5,16.5,16.5,16.5,16.5,16.5,16.5,16.5,16.5,16.5,16.5,16.5,16.5,16.5,16.5,16.5,16.5,16.5,16.5,16.5,16.5,16.5,16.5,16.5,16.5,16.5,16.5,16.5,16.5,16.5,16.5,16.5,16.5,16.5
Ch72,60,60,60,60,21.5,21.5,21.5,21.5,21.5,21.5,21.5,21.5,21.5,21.5,21.5,21.5,21.5,21.5,21.5,21.5,21.5,21.5,21.5,21.5,23,23,23,23,23,23,23,23,23,23,23,23,23,22.5,22.5,22.5,22.5,22.5,22.5,22.5,22.5,22.5,22.5,22.5,22.5,22.5,22.5,22.5,22.5,22.5,22.5,22.5,22.5,22.5,22.5,22.5,22.5,21.5,21.5,21.5,21.5,21.5,21.5,21.5,21.5,21.5,21.5,21.5,21.5,23,23,23,23,23,23,23,23,23,23,23,23,22.5,22.5,22.5,22.5,22.5,22.5,22.5,22.5,22.5,22.5,22.5,22.5,21.5,21.5,21.5,21.5,21.5,21.5,21.5,21.5,21.5,21.5,21.5,21.5,23,23,23,23,23,23,23,23,23,23,23,23,22.5,22.5,22.5,22.5,22.5,22.5,22.5,22.5,22.5,22.5,22.5,22.5,22.5,22.5,22.5,22.5,22.5,22.5,22.5,22.5,22.5,22.5,22.5,22.5
Ch76,60,60,60,60,21.5,21.5,21.5,21.5,21.5,21.5,21.5,21.5,21.5,21.5,21.5,21.5,21.5,21.5,21.5,21.5,21.5,21.5,21.5,21.5,23,23,23,23,23,23,23,23,23,23,23,23,23,22.5,22.5,22.5,22.5,22.5,22.5,22.5,22.5,22.5,22.5,22.5,22.5,22.5,22.5,22.5,22.5,22.5,22.5,22.5,22.5,22.5,22.5,22.5,22.5,21.5,21.5,21.5,21.5,21.5,21.5,21.5,21.5,21.5,21.5,21.5,21.5,23,23,23,23,23,23,23,23,23,23,23,23,22.5,22.5,22.5,22.5,22.5,22.5,22.5,22.5,22.5,22.5,22.5,22.5,21.5,21.5,21.5,21.5,21.5,21.5,21.5,21.5,21.5,21.5,21.5,21.5,23,23,23,23,23,23,23,23,23,23,23,23,22.5,22.5,22.5,22.5,22.5,22.5,22.5,22.5,22.5,22.5,22.5,22.5,22.5,22.5,22.5,22.5,22.5,22.5,22.5,22.5,22.5,22.5,22.5,22.5
Ch80,60,60,60,60,21.5,21.5,21.5,21.5,21.5,21.5,21.5,21.5,21.5,21.5,21.5,21.5,21.5,21.5,21.5,21.5,21.5,21.5,21.5,21.5,23,23,23,23,23,23,23,23,23,23,23,23,23,22.5,22.5,22.5,22.5,22.5,22.5,22.5,22.5,22.5,22.5,22.5,22.5,22.5,22.5,22.5,22.5,22.5,22.5,22.5,22.5,22.5,22.5,22.5,22.5,21.5,21.5,21.5,21.5,21.5,21.5,21.5,21.5,21.5,21.5,21.5,21.5,23,23,23,23,23,23,23,23,23,23,23,23,22.5,22.5,22.5,22.5,22.5,22.5,22.5,22.5,22.5,22.5,22.5,22.5,21.5,21.5,21.5,21.5,21.5,21.5,21.5,21.5,21.5,21.5,21.5,21.5,23,23,23,23,23,23,23,23,23,23,23,23,22.5,22.5,22.5,22.5,22.5,22.5,22.5,22.5,22.5,22.5,22.5,22.5,22.5,22.5,22.5,22.5,22.5,22.5,22.5,22.5,22.5,22.5,22.5,22.5
Ch84,60,60,60,60,21.5,21.5,21.5,21.5,21.5,21.5,21.5,21.5,21.5,21.5,21.5,21.5,21.5,21.5,21.5,21.5,21.5,21.5,21.5,21.5,23,23,23,23,23,23,23,23,23,23,23,23,23,22.5,22.5,22.5,22.5,22.5,22.5,22.5,22.5,22.5,22.5,22.5,22.5,22.5,22.5,22.5,22.5,22.5,22.5,22.5,22.5,22.5,22.5,22.5,22.5,21.5,21.5,21.5,21.5,21.5,21.5,21.5,21.5,21.5,21.5,21.5,21.5,23,23,23,23,23,23,23,23,23,23,23,23,22.5,22.5,22.5,22.5,22.5,22.5,22.5,22.5,22.5,22.5,22.5,22.5,21.5,21.5,21.5,21.5,21.5,21.5,21.5,21.5,21.5,21.5,21.5,21.5,23,23,23,23,23,23,23,23,23,23,23,23,22.5,22.5,22.5,22.5,22.5,22.5,22.5,22.5,22.5,22.5,22.5,22.5,22.5,22.5,22.5,22.5,22.5,22.5,22.5,22.5,22.5,22.5,22.5,22.5
Ch88,60,60,60,60,21.5,21.5,21.5,21.5,21.5,21.5,21.5,21.5,21.5,21.5,21.5,21.5,21.5,21.5,21.5,21.5,21.5,21.5,21.5,21.5,23,23,23,23,23,23,23,23,23,23,23,23,23,22.5,22.5,22.5,22.5,22.5,22.5,22.5,22.5,22.5,22.5,22.5,22.5,22.5,22.5,22.5,22.5,22.5,22.5,22.5,22.5,22.5,22.5,22.5,22.5,21.5,21.5,21.5,21.5,21.5,21.5,21.5,21.5,21.5,21.5,21.5,21.5,23,23,23,23,23,23,23,23,23,23,23,23,22.5,22.5,22.5,22.5,22.5,22.5,22.5,22.5,22.5,22.5,22.5,22.5,21.5,21.5,21.5,21.5,21.5,21.5,21.5,21.5,21.5,21.5,21.5,21.5,23,23,23,23,23,23,23,23,23,23,23,23,22.5,22.5,22.5,22.5,22.5,22.5,22.5,22.5,22.5,22.5,22.5,22.5,22.5,22.5,22.5,22.5,22.5,22.5,22.5,22.5,22.5,22.5,22.5,22.5
Ch92,60,60,60,60,21.5,21.5,21.5,21.5,21.5,21.5,21.5,21.5,21.5,21.5,21.5,21.5,21.5,21.5,21.5,21.5,21.5,21.5,21.5,21.5,23,23,23,23,23,23,23,23,23,23,23,23,23,22.5,22.5,22.5,22.5,22.5,22.5,22.5,22.5,22.5,22.5,22.5,22.5,22.5,22.5,22.5,22.5,22.5,22.5,22.5,22.5,22.5,22.5,22.5,22.5,21.5,21.5,21.5,21.5,21.5,21.5,21.5,21.5,21.5,21.5,21.5,21.5,23,23,23,23,23,23,23,23,23,23,23,23,22.5,22.5,22.5,22.5,22.5,22.5,22.5,22.5,22.5,22.5,22.5,22.5,21.5,21.5,21.5,21.5,21.5,21.5,21.5,21.5,21.5,21.5,21.5,21.5,23,23,23,23,23,23,23,23,23,23,23,23,22.5,22.5,22.5,22.5,22.5,22.5,22.5,22.5,22.5,22.5,22.5,22.5,22.5,22.5,22.5,22.5,22.5,22.5,22.5,22.5,22.5,22.5,22.5,22.5
Ch96,60,60,60,60,21.5,21.5,21.5,21.5,21.5,21.5,21.5,21.5,21.5,21.5,21.5,21.5,21.5,21.5,21.5,21.5,21.5,21.5,21.5,21.5,23,23,23,23,23,23,23,23,23,23,23,23,23,22.5,22.5,22.5,22.5,22.5,22.5,22.5,22.5,22.5,22.5,22.5,22.5,22.5,22.5,22.5,22.5,22.5,22.5,22.5,22.5,22.5,22.5,22.5,22.5,21.5,21.5,21.5,21.5,21.5,21.5,21.5,21.5,21.5,21.5,21.5,21.5,23,23,23,23,23,23,23,23,23,23,23,23,22.5,22.5,22.5,22.5,22.5,22.5,22.5,22.5,22.5,22.5,22.5,22.5,21.5,21.5,21.5,21.5,21.5,21.5,21.5,21.5,21.5,21.5,21.5,21.5,23,23,23,23,23,23,23,23,23,23,23,23,22.5,22.5,22.5,22.5,22.5,22.5,22.5,22.5,22.5,22.5,22.5,22.5,22.5,22.5,22.5,22.5,22.5,22.5,22.5,22.5,22.5,22.5,22.5,22.5
Ch100,60,60,60,60,21.5,21.5,21.5,21.5,21.5,21.5,21.5,21.5,21.5,21.5,21.5,21.5,21.5,21.5,21.5,21.5,21.5,21.5,21.5,21.5,23,23,23,23,23,23,23,23,23,23,23,23,23,22.5,22.5,22.5,22.5,22.5,22.5,22.5,22.5,22.5,22.5,22.5,22.5,22.5,22.5,22.5,22.5,22.5,22.5,22.5,22.5,22.5,22.5,22.5,22.5,21.5,21.5,21.5,21.5,21.5,21.5,21.5,21.5,21.5,21.5,21.5,21.5,23,23,23,23,23,23,23,23,23,23,23,23,22.5,22.5,22.5,22.5,22.5,22.5,22.5,22.5,22.5,22.5,22.5,22.5,21.5,21.5,21.5,21.5,21.5,21.5,21.5,21.5,21.5,21.5,21.5,21.5,23,23,23,23,23,23,23,23,23,23,23,23,22.5,22.5,22.5,22.5,22.5,22.5,22.5,22.5,22.5,22.5,22.5,22.5,22.5,22.5,22.5,22.5,22.5,22.5,22.5,22.5,22.5,22.5,22.5,22.5
Ch104,60,60,60,60,21.5,21.5,21.5,21.5,21.5,21.5,21.5,21.5,21.5,21.5,21.5,21.5,21.5,21.5,21.5,21.5,21.5,21.5,21.5,21.5,23,23,23,23,23,23,23,23,23,23,23,23,23,22.5,22.5,22.5,22.5,22.5,22.5,22.5,22.5,22.5,22.5,22.5,22.5,22.5,22.5,22.5,22.5,22.5,22.5,22.5,22.5,22.5,22.5,22.5,22.5,21.5,21.5,21.5,21.5,21.5,21.5,21.5,21.5,21.5,21.5,21.5,21.5,23,23,23,23,23,23,23,23,23,23,23,23,22.5,22.5,22.5,22.5,22.5,22.5,22.5,22.5,22.5,22.5,22.5,22.5,21.5,21.5,21.5,21.5,21.5,21.5,21.5,21.5,21.5,21.5,21.5,21.5,23,23,23,23,23,23,23,23,23,23,23,23,22.5,22.5,22.5,22.5,22.5,22.5,22.5,22.5,22.5,22.5,22.5,22.5,22.5,22.5,22.5,22.5,22.5,22.5,22.5,22.5,22.5,22.5,22.5,22.5
Ch108,60,60,60,60,21.5,21.5,21.5,21.5,21.5,21.5,21.5,21.5,21.5,21.5,21.5,21.5,21.5,21.5,21.5,21.5,21.5,21.5,21.5,21.5,23,23,23,23,23,23,23,23,23,23,23,23,23,22.5,22.5,22.5,22.5,22.5,22.5,22.5,22.5,22.5,22.5,22.5,22.5,22.5,22.5,22.5,22.5,22.5,22.5,22.5,22.5,22.5,22.5,22.5,22.5,21.5,21.5,21.5,21.5,21.5,21.5,21.5,21.5,21.5,21.5,21.5,21.5,23,23,23,23,23,23,23,23,23,23,23,23,22.5,22.5,22.5,22.5,22.5,22.5,22.5,22.5,22.5,22.5,22.5,22.5,21.5,21.5,21.5,21.5,21.5,21.5,21.5,21.5,21.5,21.5,21.5,21.5,23,23,23,23,23,23,23,23,23,23,23,23,22.5,22.5,22.5,22.5,22.5,22.5,22.5,22.5,22.5,22.5,22.5,22.5,22.5,22.5,22.5,22.5,22.5,22.5,22.5,22.5,22.5,22.5,22.5,22.5
Ch112,60,60,60,60,21.5,21.5,21.5,21.5,21.5,21.5,21.5,21.5,21.5,21.5,21.5,21.5,21.5,21.5,21.5,21.5,21.5,21.5,21.5,21.5,23,23,23,23,23,23,23,23,23,23,23,23,23,22.5,22.5,22.5,22.5,22.5,22.5,22.5,22.5,22.5,22.5,22.5,22.5,22.5,22.5,22.5,22.5,22.5,22.5,22.5,22.5,22.5,22.5,22.5,22.5,21.5,21.5,21.5,21.5,21.5,21.5,21.5,21.5,21.5,21.5,21.5,21.5,23,23,23,23,23,23,23,23,23,23,23,23,22.5,22.5,22.5,22.5,22.5,22.5,22.5,22.5,22.5,22.5,22.5,22.5,21.5,21.5,21.5,21.5,21.5,21.5,21.5,21.5,21.5,21.5,21.5,21.5,23,23,23,23,23,23,23,23,23,23,23,23,22.5,22.5,22.5,22.5,22.5,22.5,22.5,22.5,22.5,22.5,22.5,22.5,22.5,22.5,22.5,22.5,22.5,22.5,22.5,22.5,22.5,22.5,22.5,22.5
Ch116,60,60,60,60,21.5,21.5,21.5,21.5,21.5,21.5,21.5,21.5,21.5,21.5,21.5,21.5,21.5,21.5,21.5,21.5,21.5,21.5,21.5,21.5,23,23,23,23,23,23,23,23,23,23,23,23,23,22.5,22.5,22.5,22.5,22.5,22.5,22.5,22.5,22.5,22.5,22.5,22.5,22.5,22.5,22.5,22.5,22.5,22.5,22.5,22.5,22.5,22.5,22.5,22.5,21.5,21.5,21.5,21.5,21.5,21.5,21.5,21.5,21.5,21.5,21.5,21.5,23,23,23,23,23,23,23,23,23,23,23,23,22.5,22.5,22.5,22.5,22.5,22.5,22.5,22.5,22.5,22.5,22.5,22.5,21.5,21.5,21.5,21.5,21.5,21.5,21.5,21.5,21.5,21.5,21.5,21.5,23,23,23,23,23,23,23,23,23,23,23,23,22.5,22.5,22.5,22.5,22.5,22.5,22.5,22.5,22.5,22.5,22.5,22.5,22.5,22.5,22.5,22.5,22.5,22.5,22.5,22.5,22.5,22.5,22.5,22.5
Ch120,60,60,60,60,21.5,21.5,21.5,21.5,21.5,21.5,21.5,21.5,21.5,21.5,21.5,21.5,21.5,21.5,21.5,21.5,21.5,21.5,21.5,21.5,23,23,23,23,23,23,23,23,23,23,23,23,23,22.5,22.5,22.5,22.5,22.5,22.5,22.5,22.5,22.5,22.5,22.5,22.5,22.5,22.5,22.5,22.5,22.5,22.5,22.5,22.5,22.5,22.5,22.5,22.5,21.5,21.5,21.5,21.5,21.5,21.5,21.5,21.5,21.5,21.5,21.5,21.5,23,23,23,23,23,23,23,23,23,23,23,23,22.5,22.5,22.5,22.5,22.5,22.5,22.5,22.5,22.5,22.5,22.5,22.5,21.5,21.5,21.5,21.5,21.5,21.5,21.5,21.5,21.5,21.5,21.5,21.5,23,23,23,23,23,23,23,23,23,23,23,23,22.5,22.5,22.5,22.5,22.5,22.5,22.5,22.5,22.5,22.5,22.5,22.5,22.5,22.5,22.5,22.5,22.5,22.5,22.5,22.5,22.5,22.5,22.5,22.5
Ch124,60,60,60,60,21.5,21.5,21.5,21.5,21.5,21.5,21.5,21.5,21.5,21.5,21.5,21.5,21.5,21.5,21.5,21.5,21.5,21.5,21.5,21.5,23,23,23,23,23,23,23,23,23,23,23,23,23,22.5,22.5,22.5,22.5,22.5,22.5,22.5,22.5,22.5,22.5,22.5,22.5,22.5,22.5,22.5,22.5,22.5,22.5,22.5,22.5,22.5,22.5,22.5,22.5,21.5,21.5,21.5,21.5,21.5,21.5,21.5,21.5,21.5,21.5,21.5,21.5,23,23,23,23,23,23,23,23,23,23,23,23,22.5,22.5,22.5,22.5,22.5,22.5,22.5,22.5,22.5,22.5,22.5,22.5,21.5,21.5,21.5,21.5,21.5,21.5,21.5,21.5,21.5,21.5,21.5,21.5,23,23,23,23,23,23,23,23,23,23,23,23,22.5,22.5,22.5,22.5,22.5,22.5,22.5,22.5,22.5,22.5,22.5,22.5,22.5,22.5,22.5,22.5,22.5,22.5,22.5,22.5,22.5,22.5,22.5,22.5
Ch128,60,60,60,60,21.5,21.5,21.5,21.5,21.5,21.5,21.5,21.5,21.5,21.5,21.5,21.5,21.5,21.5,21.5,21.5,21.5,21.5,21.5,21.5,23,23,23,23,23,23,23,23,23,23,23,23,23,22.5,22.5,22.5,22.5,22.5,22.5,22.5,22.5,22.5,22.5,22.5,22.5,22.5,22.5,22.5,22.5,22.5,22.5,22.5,22.5,22.5,22.5,22.5,22.5,21.5,21.5,21.5,21.5,21.5,21.5,21.5,21.5,21.5,21.5,21.5,21.5,23,23,23,23,23,23,23,23,23,23,23,23,22.5,22.5,22.5,22.5,22.5,22.5,22.5,22.5,22.5,22.5,22.5,22.5,21.5,21.5,21.5,21.5,21.5,21.5,21.5,21.5,21.5,21.5,21.5,21.5,23,23,23,23,23,23,23,23,23,23,23,23,22.5,22.5,22.5,22.5,22.5,22.5,22.5,22.5,22.5,22.5,22.5,22.5,22.5,22.5,22.5,22.5,22.5,22.5,22.5,22.5,22.5,22.5,22.5,22.5
Ch132,60,60,60,60,21.5,21.5,21.5,21.5,21.5,21.5,21.5,21.5,21.5,21.5,21.5,21.5,21.5,21.5,21.5,21.5,21.5,21.5,21.5,21.5,23,23,23,23,23,23,23,23,23,23,23,23,23,22.5,22.5,22.5,22.5,22.5,22.5,22.5,22.5,22.5,22.5,22.5,22.5,22.5,22.5,22.5,22.5,22.5,22.5,22.5,22.5,22.5,22.5,22.5,22.5,21.5,21.5,21.5,21.5,21.5,21.5,21.5,21.5,21.5,21.5,21.5,21.5,23,23,23,23,23,23,23,23,23,23,23,23,22.5,22.5,22.5,22.5,22.5,22.5,22.5,22.5,22.5,22.5,22.5,22.5,21.5,21.5,21.5,21.5,21.5,21.5,21.5,21.5,21.5,21.5,21.5,21.5,23,23,23,23,23,23,23,23,23,23,23,23,22.5,22.5,22.5,22.5,22.5,22.5,22.5,22.5,22.5,22.5,22.5,22.5,22.5,22.5,22.5,22.5,22.5,22.5,22.5,22.5,22.5,22.5,22.5,22.5
Ch136,60,60,60,60,21.5,21.5,21.5,21.5,21.5,21.5,21.5,21.5,21.5,21.5,21.5,21.5,21.5,21.5,21.5,21.5,21.5,21.5,21.5,21.5,23,23,23,23,23,23,23,23,23,23,23,23,23,22.5,22.5,22.5,22.5,22.5,22.5,22.5,22.5,22.5,22.5,22.5,22.5,22.5,22.5,22.5,22.5,22.5,22.5,22.5,22.5,22.5,22.5,22.5,22.5,21.5,21.5,21.5,21.5,21.5,21.5,21.5,21.5,21.5,21.5,21.5,21.5,23,23,23,23,23,23,23,23,23,23,23,23,22.5,22.5,22.5,22.5,22.5,22.5,22.5,22.5,22.5,22.5,22.5,22.5,21.5,21.5,21.5,21.5,21.5,21.5,21.5,21.5,21.5,21.5,21.5,21.5,23,23,23,23,23,23,23,23,23,23,23,23,22.5,22.5,22.5,22.5,22.5,22.5,22.5,22.5,22.5,22.5,22.5,22.5,22.5,22.5,22.5,22.5,22.5,22.5,22.5,22.5,22.5,22.5,22.5,22.5
Ch140,60,60,60,60,21.5,21.5,21.5,21.5,21.5,21.5,21.5,21.5,21.5,21.5,21.5,21.5,21.5,21.5,21.5,21.5,21.5,21.5,21.5,21.5,23,23,23,23,23,23,23,23,23,23,23,23,23,22.5,22.5,22.5,22.5,22.5,22.5,22.5,22.5,22.5,22.5,22.5,22.5,22.5,22.5,22.5,22.5,22.5,22.5,22.5,22.5,22.5,22.5,22.5,22.5,21.5,21.5,21.5,21.5,21.5,21.5,21.5,21.5,21.5,21.5,21.5,21.5,23,23,23,23,23,23,23,23,23,23,23,23,22.5,22.5,22.5,22.5,22.5,22.5,22.5,22.5,22.5,22.5,22.5,22.5,21.5,21.5,21.5,21.5,21.5,21.5,21.5,21.5,21.5,21.5,21.5,21.5,23,23,23,23,23,23,23,23,23,23,23,23,22.5,22.5,22.5,22.5,22.5,22.5,22.5,22.5,22.5,22.5,22.5,22.5,22.5,22.5,22.5,22.5,22.5,22.5,22.5,22.5,22.5,22.5,22.5,22.5
Ch144,60,60,60,60,21.5,21.5,21.5,21.5,21.5,21.5,21.5,21.5,21.5,21.5,21.5,21.5,21.5,21.5,21.5,21.5,21.5,21.5,21.5,21.5,23,23,23,23,23,23,23,23,23,23,23,23,23,22.5,22.5,22.5,22.5,22.5,22.5,22.5,22.5,22.5,22.5,22.5,22.5,22.5,22.5,22.5,22.5,22.5,22.5,22.5,22.5,22.5,22.5,22.5,22.5,21.5,21.5,21.5,21.5,21.5,21.5,21.5,21.5,21.5,21.5,21.5,21.5,23,23,23,23,23,23,23,23,23,23,23,23,22.5,22.5,22.5,22.5,22.5,22.5,22.5,22.5,22.5,22.5,22.5,22.5,21.5,21.5,21.5,21.5,21.5,21.5,21.5,21.5,21.5,21.5,21.5,21.5,23,23,23,23,23,23,23,23,23,23,23,23,22.5,22.5,22.5,22.5,22.5,22.5,22.5,22.5,22.5,22.5,22.5,22.5,22.5,22.5,22.5,22.5,22.5,22.5,22.5,22.5,22.5,22.5,22.5,22.5
Ch149,60,60,60,60,21.5,21.5,21.5,21.5,21.5,21.5,21.5,21.5,21.5,21.5,21.5,21.5,21.5,21.5,21.5,21.5,21.5,21.5,21.5,21.5,23,23,23,23,23,23,23,23,23,23,23,23,23,22.5,22.5,22.5,22.5,22.5,22.5,22.5,22.5,22.5,22.5,22.5,22.5,22.5,22.5,22.5,22.5,22.5,22.5,22.5,22.5,22.5,22.5,22.5,22.5,21.5,21.5,21.5,21.5,21.5,21.5,21.5,21.5,21.5,21.5,21.5,21.5,23,23,23,23,23,23,23,23,23,23,23,23,22.5,22.5,22.5,22.5,22.5,22.5,22.5,22.5,22.5,22.5,22.5,22.5,21.5,21.5,21.5,21.5,21.5,21.5,21.5,21.5,21.5,21.5,21.5,21.5,23,23,23,23,23,23,23,23,23,23,23,23,22.5,22.5,22.5,22.5,22.5,22.5,22.5,22.5,22.5,22.5,22.5,22.5,22.5,22.5,22.5,22.5,22.5,22.5,22.5,22.5,22.5,22.5,22.5,22.5
Ch153,60,60,60,60,21.5,21.5,21.5,21.5,21.5,21.5,21.5,21.5,21.5,21.5,21.5,21.5,21.5,21.5,21.5,21.5,21.5,21.5,21.5,21.5,23,23,23,23,23,23,23,23,23,23,23,23,23,22.5,22.5,22.5,22.5,22.5,22.5,22.5,22.5,22.5,22.5,22.5,22.5,22.5,22.5,22.5,22.5,22.5,22.5,22.5,22.5,22.5,22.5,22.5,22.5,21.5,21.5,21.5,21.5,21.5,21.5,21.5,21.5,21.5,21.5,21.5,21.5,23,23,23,23,23,23,23,23,23,23,23,23,22.5,22.5,22.5,22.5,22.5,22.5,22.5,22.5,22.5,22.5,22.5,22.5,21.5,21.5,21.5,21.5,21.5,21.5,21.5,21.5,21.5,21.5,21.5,21.5,23,23,23,23,23,23,23,23,23,23,23,23,22.5,22.5,22.5,22.5,22.5,22.5,22.5,22.5,22.5,22.5,22.5,22.5,22.5,22.5,22.5,22.5,22.5,22.5,22.5,22.5,22.5,22.5,22.5,22.5
Ch157,60,60,60,60,21.5,21.5,21.5,21.5,21.5,21.5,21.5,21.5,21.5,21.5,21.5,21.5,21.5,21.5,21.5,21.5,21.5,21.5,21.5,21.5,23,23,23,23,23,23,23,23,23,23,23,23,23,22.5,22.5,22.5,22.5,22.5,22.5,22.5,22.5,22.5,22.5,22.5,22.5,22.5,22.5,22.5,22.5,22.5,22.5,22.5,22.5,22.5,22.5,22.5,22.5,21.5,21.5,21.5,21.5,21.5,21.5,21.5,21.5,21.5,21.5,21.5,21.5,23,23,23,23,23,23,23,23,23,23,23,23,22.5,22.5,22.5,22.5,22.5,22.5,22.5,22.5,22.5,22.5,22.5,22.5,21.5,21.5,21.5,21.5,21.5,21.5,21.5,21.5,21.5,21.5,21.5,21.5,23,23,23,23,23,23,23,23,23,23,23,23,22.5,22.5,22.5,22.5,22.5,22.5,22.5,22.5,22.5,22.5,22.5,22.5,22.5,22.5,22.5,22.5,22.5,22.5,22.5,22.5,22.5,22.5,22.5,22.5
Ch161,60,60,60,60,21.5,21.5,21.5,21.5,21.5,21.5,21.5,21.5,21.5,21.5,21.5,21.5,21.5,21.5,21.5,21.5,21.5,21.5,21.5,21.5,23,23,23,23,23,23,23,23,23,23,23,23,23,22.5,22.5,22.5,22.5,22.5,22.5,22.5,22.5,22.5,22.5,22.5,22.5,22.5,22.5,22.5,22.5,22.5,22.5,22.5,22.5,22.5,22.5,22.5,22.5,21.5,21.5,21.5,21.5,21.5,21.5,21.5,21.5,21.5,21.5,21.5,21.5,23,23,23,23,23,23,23,23,23,23,23,23,22.5,22.5,22.5,22.5,22.5,22.5,22.5,22.5,22.5,22.5,22.5,22.5,21.5,21.5,21.5,21.5,21.5,21.5,21.5,21.5,21.5,21.5,21.5,21.5,23,23,23,23,23,23,23,23,23,23,23,23,22.5,22.5,22.5,22.5,22.5,22.5,22.5,22.5,22.5,22.5,22.5,22.5,22.5,22.5,22.5,22.5,22.5,22.5,22.5,22.5,22.5,22.5,22.5,22.5
Ch165,60,60,60,60,21.5,21.5,21.5,21.5,21.5,21.5,21.5,21.5,21.5,21.5,21.5,21.5,21.5,21.5,21.5,21.5,21.5,21.5,21.5,21.5,23,23,23,23,23,23,23,23,23,23,23,23,23,22.5,22.5,22.5,22.5,22.5,22.5,22.5,22.5,22.5,22.5,22.5,22.5,22.5,22.5,22.5,22.5,22.5,22.5,22.5,22.5,22.5,22.5,22.5,22.5,21.5,21.5,21.5,21.5,21.5,21.5,21.5,21.5,21.5,21.5,21.5,21.5,23,23,23,23,23,23,23,23,23,23,23,23,22.5,22.5,22.5,22.5,22.5,22.5,22.5,22.5,22.5,22.5,22.5,22.5,21.5,21.5,21.5,21.5,21.5,21.5,21.5,21.5,21.5,21.5,21.5,21.5,23,23,23,23,23,23,23,23,23,23,23,23,22.5,22.5,22.5,22.5,22.5,22.5,22.5,22.5,22.5,22.5,22.5,22.5,22.5,22.5,22.5,22.5,22.5,22.5,22.5,22.5,22.5,22.5,22.5,22.5
Ch169,60,60,60,60,21.5,21.5,21.5,21.5,21.5,21.5,21.5,21.5,21.5,21.5,21.5,21.5,21.5,21.5,21.5,21.5,21.5,21.5,21.5,21.5,23,23,23,23,23,23,23,23,23,23,23,23,23,22.5,22.5,22.5,22.5,22.5,22.5,22.5,22.5,22.5,22.5,22.5,22.5,22.5,22.5,22.5,22.5,22.5,22.5,22.5,22.5,22.5,22.5,22.5,22.5,21.5,21.5,21.5,21.5,21.5,21.5,21.5,21.5,21.5,21.5,21.5,21.5,23,23,23,23,23,23,23,23,23,23,23,23,22.5,22.5,22.5,22.5,22.5,22.5,22.5,22.5,22.5,22.5,22.5,22.5,21.5,21.5,21.5,21.5,21.5,21.5,21.5,21.5,21.5,21.5,21.5,21.5,23,23,23,23,23,23,23,23,23,23,23,23,22.5,22.5,22.5,22.5,22.5,22.5,22.5,22.5,22.5,22.5,22.5,22.5,22.5,22.5,22.5,22.5,22.5,22.5,22.5,22.5,22.5,22.5,22.5,22.5
Ch173,60,60,60,60,21.5,21.5,21.5,21.5,21.5,21.5,21.5,21.5,21.5,21.5,21.5,21.5,21.5,21.5,21.5,21.5,21.5,21.5,21.5,21.5,23,23,23,23,23,23,23,23,23,23,23,23,23,22.5,22.5,22.5,22.5,22.5,22.5,22.5,22.5,22.5,22.5,22.5,22.5,22.5,22.5,22.5,22.5,22.5,22.5,22.5,22.5,22.5,22.5,22.5,22.5,21.5,21.5,21.5,21.5,21.5,21.5,21.5,21.5,21.5,21.5,21.5,21.5,23,23,23,23,23,23,23,23,23,23,23,23,22.5,22.5,22.5,22.5,22.5,22.5,22.5,22.5,22.5,22.5,22.5,22.5,21.5,21.5,21.5,21.5,21.5,21.5,21.5,21.5,21.5,21.5,21.5,21.5,23,23,23,23,23,23,23,23,23,23,23,23,22.5,22.5,22.5,22.5,22.5,22.5,22.5,22.5,22.5,22.5,22.5,22.5,22.5,22.5,22.5,22.5,22.5,22.5,22.5,22.5,22.5,22.5,22.5,22.5
Ch177,60,60,60,60,21.5,21.5,21.5,21.5,21.5,21.5,21.5,21.5,21.5,21.5,21.5,21.5,21.5,21.5,21.5,21.5,21.5,21.5,21.5,21.5,23,23,23,23,23,23,23,23,23,23,23,23,23,22.5,22.5,22.5,22.5,22.5,22.5,22.5,22.5,22.5,22.5,22.5,22.5,22.5,22.5,22.5,22.5,22.5,22.5,22.5,22.5,22.5,22.5,22.5,22.5,21.5,21.5,21.5,21.5,21.5,21.5,21.5,21.5,21.5,21.5,21.5,21.5,23,23,23,23,23,23,23,23,23,23,23,23,22.5,22.5,22.5,22.5,22.5,22.5,22.5,22.5,22.5,22.5,22.5,22.5,21.5,21.5,21.5,21.5,21.5,21.5,21.5,21.5,21.5,21.5,21.5,21.5,23,23,23,23,23,23,23,23,23,23,23,23,22.5,22.5,22.5,22.5,22.5,22.5,22.5,22.5,22.5,22.5,22.5,22.5,22.5,22.5,22.5,22.5,22.5,22.5,22.5,22.5,22.5,22.5,22.5,22.5
Ch181,60,60,60,60,21.5,21.5,21.5,21.5,21.5,21.5,21.5,21.5,21.5,21.5,21.5,21.5,21.5,21.5,21.5,21.5,21.5,21.5,21.5,21.5,23,23,23,23,23,23,23,23,23,23,23,23,23,22.5,22.5,22.5,22.5,22.5,22.5,22.5,22.5,22.5,22.5,22.5,22.5,22.5,22.5,22.5,22.5,22.5,22.5,22.5,22.5,22.5,22.5,22.5,22.5,21.5,21.5,21.5,21.5,21.5,21.5,21.5,21.5,21.5,21.5,21.5,21.5,23,23,23,23,23,23,23,23,23,23,23,23,22.5,22.5,22.5,22.5,22.5,22.5,22.5,22.5,22.5,22.5,22.5,22.5,21.5,21.5,21.5,21.5,21.5,21.5,21.5,21.5,21.5,21.5,21.5,21.5,23,23,23,23,23,23,23,23,23,23,23,23,22.5,22.5,22.5,22.5,22.5,22.5,22.5,22.5,22.5,22.5,22.5,22.5,22.5,22.5,22.5,22.5,22.5,22.5,22.5,22.5,22.5,22.5,22.5,22.5
